3, 4, 39, 1765, 41
3, 4, 32, 348, 48
3, 4, 2805, 39, 41
3, 4, 39, 310, 1327
3, 8, 32, 1327, 48
3, 8, 225, 39, 41
3, 5, 38, 48, 47
3, 13, 39, 533, 41
3, 4, 76, 38, 41
3, 4, 150, 39, 48
4, 5, 309, 1080, 1379, 1380
3, 4, 39, 38, 441
3, 32, 32, 38, 41
3, 10, 60, 39, 41
3, 4, 39, 267, 41
4, 4, 39, 38, 41, 101
3, 5, 48, 3270, 41
3, 4, 38, 48, 2793
3, 13, 39, 533, 48
3, 6, 548, 39, 48
3, 4, 32, 39, 2425
3, 4, 38, 39, 956
3, 4, 1154, 39, 1153
3, 4, 39, 185, 41
3, 5, 39, 48, 1013
4, 6, 39, 38, 390, 48
4, 4, 39, 38, 41, 286
3, 17, 39, 38, 89
3, 5, 371, 32, 39
4, 4, 38, 1327, 48, 41
4, 5, 270, 32, 48, 41
3, 5, 3323, 48, 41
4, 5, 1859, 39, 48, 41
3, 5, 39, 1327, 48
3, 5, 39, 32, 48
3, 4, 39, 1425, 41
3, 4, 39, 3774, 41
3, 4, 3664, 39, 3074
3, 6, 270, 32, 39
3, 16, 604, 39, 41
3, 4, 334, 39, 38
4, 4, 39, 48, 41, 101
3, 4, 11, 39, 48
3, 4, 147, 39, 237
3, 20, 89, 48, 41
3, 5, 189, 39, 48
4, 4, 1269, 1080, 1378, 1380
3, 5, 2994, 3735, 48
3, 4, 89, 1327, 48
3, 4, 1859, 352, 32
3, 4, 170, 39, 1327
3, 4, 39, 2425, 1765
4, 5, 270, 32, 39, 48
3, 4, 39, 1513, 41
3, 9, 47, 39, 48
3, 4, 2015, 39, 48
4, 5, 308, 309, 1080, 1378
3, 4, 286, 48, 41
3, 4, 32, 48, 301
3, 5, 824, 38, 48
3, 4, 846, 39, 48
3, 8, 37, 48, 41
3, 6, 48, 32, 110
4, 4, 38, 2958, 48, 41
3, 7, 39, 48, 32
3, 4, 165, 39, 48
3, 4, 32, 186, 48
4, 5, 39, 89, 65, 41
4, 20, 170, 39, 48, 41
4, 5, 308, 1269, 1080, 1378
3, 4, 38, 1146, 48
3, 4, 309, 48, 32
3, 9, 39, 38, 48
3, 6, 270, 32, 48
4, 4, 604, 48, 32, 41
3, 9, 39, 48, 475
3, 4, 39, 80, 41
3, 7, 604, 48, 32
3, 7, 32, 533, 41
3, 4, 38, 89, 170
3, 4, 41, 48, 1282
3, 7, 39, 79, 41
3, 4, 1154, 1153, 41
3, 8, 548, 48, 41
3, 7, 357, 39, 41
3, 4, 45, 48, 41
3, 4, 48, 101, 170
3, 8, 147, 39, 38
3, 4, 39, 229, 41
4, 5, 32, 39, 38, 47
3, 4, 39, 38, 840
4, 4, 39, 41, 101, 170
3, 5, 381, 48, 41
3, 4, 267, 48, 41
3, 4, 2793, 39, 41
4, 6, 604, 39, 38, 48
3, 4, 749, 39, 32
3, 5, 278, 39, 41
3, 5, 9, 39, 48
3, 33, 38, 36, 41
3, 6, 281, 38, 48
3, 4, 167, 48, 41
3, 4, 32, 39, 468
3, 5, 1831, 39, 38
4, 4, 308, 1269, 1378, 1380
3, 4, 39, 1233, 41
3, 4, 32, 66, 48
3, 4, 48, 2822, 41
3, 4, 39, 80, 48
3, 4, 38, 592, 41
3, 6, 39, 269, 48
3, 4, 3179, 39, 41
3, 11, 740, 39, 41
3, 4, 38, 535, 41
3, 6, 591, 39, 48
4, 6, 39, 38, 37, 41
3, 4, 32, 48, 1233
4, 4, 308, 309, 48, 1378
3, 4, 1425, 48, 41
3, 4, 301, 32, 41
3, 4, 604, 39, 89
3, 4, 39, 514, 48
3, 6, 309, 1080, 1379
3, 4, 370, 38, 41
4, 14, 32, 38, 48, 41
3, 4, 39, 793, 41
4, 4, 48, 2990, 3693, 3735
3, 4, 39, 2011, 41
3, 9, 39, 38, 37
3, 4, 41, 101, 170
4, 6, 38, 390, 48, 41
3, 5, 39, 789, 41
3, 4, 32, 38, 840
3, 4, 39, 48, 3735
3, 4, 32, 89, 41
4, 5, 38, 37, 48, 41
3, 7, 592, 48, 41
3, 5, 32, 39, 1135
3, 4, 39, 48, 3411
4, 7, 39, 38, 89, 41
3, 4, 1765, 48, 41
3, 32, 39, 36, 41
3, 5, 39, 690, 48
3, 4, 348, 352, 48
3, 8, 2238, 39, 48
3, 5, 855, 39, 38
3, 5, 308, 1269, 1379
3, 4, 39, 38, 1463
3, 8, 39, 809, 48
3, 5, 308, 309, 1378
3, 4, 32, 39, 690
3, 4, 2815, 123, 48
3, 4, 308, 1379, 48
4, 5, 32, 39, 41, 783
3, 4, 548, 48, 107
3, 4, 39, 1481, 48
3, 7, 56, 38, 48
3, 4, 604, 39, 189
4, 5, 39, 38, 310, 41
3, 8, 2633, 48, 41
3, 4, 706, 48, 41
3, 7, 32, 352, 48
3, 4, 3664, 39, 41
3, 5, 39, 3323, 41
3, 7, 32, 39, 352
3, 8, 39, 105, 41
4, 17, 39, 36, 48, 41
3, 9, 271, 39, 41
3, 5, 39, 348, 48
3, 5, 39, 1578, 48
3, 5, 32, 1135, 48
3, 4, 38, 237, 41
3, 5, 39, 885, 41
4, 4, 39, 38, 475, 41
3, 7, 357, 48, 41
3, 9, 38, 225, 41
3, 4, 1552, 38, 48
4, 4, 39, 38, 441, 41
3, 4, 39, 89, 310
3, 4, 39, 38, 348
3, 4, 32, 548, 38
3, 5, 60, 536, 39
3, 6, 39, 107, 48
3, 4, 309, 1269, 1380
3, 5, 9, 48, 41
3, 4, 11, 65, 41
3, 7, 76, 39, 41
3, 4, 32, 65, 41
3, 4, 255, 39, 48
3, 12, 38, 1327, 48
3, 5, 1080, 1379, 1380
3, 6, 39, 441, 48
3, 4, 39, 384, 48
3, 36, 38, 48, 170
4, 4, 39, 48, 2990, 2994
3, 4, 32, 38, 790
4, 4, 39, 41, 48, 783
3, 5, 32, 475, 48
3, 6, 55, 38, 41
3, 4, 55, 32, 38
5, 4, 308, 1269, 1080, 1378, 1380
5, 4, 309, 1080, 1379, 1378, 1380
3, 6, 3966, 39, 41
3, 5, 39, 189, 1715
3, 4, 2815, 39, 48
4, 5, 39, 548, 48, 41
3, 4, 255, 39, 38
4, 4, 2990, 3693, 2994, 3735
3, 9, 32, 39, 189
3, 4, 32, 38, 65
3, 24, 39, 310, 48
3, 6, 690, 48, 41
3, 5, 309, 1379, 1378
3, 4, 32, 338, 41
4, 6, 170, 32, 39, 41
3, 5, 271, 39, 225
3, 36, 39, 38, 110
3, 4, 39, 1153, 41
3, 13, 371, 39, 48
3, 10, 32, 225, 48
3, 4, 1464, 38, 1463
3, 4, 39, 3663, 41
3, 6, 39, 1425, 48
3, 5, 308, 1269, 1080
3, 4, 39, 48, 2130
3, 9, 47, 38, 48
4, 4, 32, 39, 352, 48
4, 4, 39, 38, 48, 1233
3, 9, 39, 37, 41
3, 4, 32, 2413, 48
3, 9, 270, 39, 48
3, 9, 94, 48, 41
3, 10, 38, 37, 41
3, 4, 39, 1113, 48
3, 5, 855, 39, 41
4, 4, 39, 38, 48, 36
3, 5, 1269, 1080, 1378
4, 4, 309, 1269, 1080, 1380
3, 4, 60, 48, 3411
3, 12, 39, 1715, 41
3, 13, 39, 48, 783
3, 4, 570, 38, 48
3, 5, 38, 1327, 36
3, 4, 32, 39, 79
3, 10, 38, 89, 41
5, 4, 39, 38, 48, 101, 170
3, 5, 2958, 48, 41
3, 6, 308, 1379, 1378
3, 7, 32, 237, 48
3, 4, 3179, 48, 41
3, 22, 39, 89, 41
3, 4, 32, 3228, 41
3, 4, 39, 616, 41
3, 12, 38, 48, 286
4, 4, 1859, 39, 352, 48
3, 5, 48, 2990, 3735
3, 6, 464, 39, 48
3, 5, 38, 41, 956
4, 4, 32, 38, 110, 48
4, 6, 32, 39, 38, 48
3, 5, 824, 48, 41
3, 8, 39, 117, 48
3, 5, 201, 39, 41
3, 4, 32, 790, 41
4, 7, 38, 89, 48, 41
3, 4, 2990, 3693, 41
3, 4, 38, 348, 41
3, 4, 269, 39, 41
3, 4, 32, 548, 41
3, 12, 39, 237, 41
3, 4, 39, 32, 36
3, 5, 39, 38, 179
3, 20, 36, 48, 41
3, 5, 981, 1796, 94
3, 5, 824, 39, 41
3, 6, 2990, 3735, 3693
3, 9, 47, 39, 38
3, 4, 39, 1013, 41
5, 4, 308, 309, 1269, 1379, 1380
3, 4, 39, 723, 41
3, 5, 39, 1103, 41
3, 4, 2212, 39, 48
3, 4, 32, 189, 41
3, 14, 604, 48, 41
3, 5, 38, 2958, 48
3, 4, 640, 39, 48
3, 4, 548, 38, 48
3, 4, 785, 48, 41
4, 7, 39, 225, 48, 41
3, 4, 32, 677, 48
3, 4, 39, 1372, 1368
3, 5, 381, 39, 48
4, 4, 39, 38, 2958, 41
3, 6, 39, 349, 41
3, 5, 38, 548, 48
3, 4, 39, 1146, 48
4, 6, 604, 38, 48, 41
3, 4, 38, 36, 255
4, 4, 39, 2990, 3693, 3735
3, 5, 976, 117, 41
3, 5, 39, 3693, 3735
4, 4, 604, 39, 48, 41
5, 4, 2238, 39, 48, 32, 41
3, 4, 39, 1710, 41
3, 4, 32, 39, 349
4, 4, 255, 39, 48, 41
3, 6, 309, 1080, 1380
3, 4, 2673, 48, 41
3, 5, 39, 89, 1715
3, 8, 60, 48, 41
3, 9, 39, 255, 41
3, 7, 32, 79, 48
3, 4, 60, 123, 48
3, 5, 308, 1080, 1379
3, 4, 297, 39, 41
4, 4, 170, 39, 1327, 41
3, 5, 39, 3638, 41
4, 4, 32, 39, 38, 36
3, 4, 797, 38, 41
4, 4, 39, 38, 89, 170
3, 4, 3904, 38, 41
3, 4, 1859, 39, 32
3, 4, 32, 123, 48
3, 6, 348, 48, 41
3, 5, 39, 1315, 48
3, 4, 757, 48, 41
4, 4, 39, 89, 1327, 48
3, 4, 797, 1154, 41
4, 4, 38, 48, 36, 41
3, 8, 32, 38, 225
3, 5, 2990, 3693, 3977
3, 4, 38, 533, 41
3, 4, 1859, 48, 32
5, 6, 39, 48, 32, 41, 110
3, 4, 1831, 38, 48
3, 6, 56, 39, 38
3, 9, 39, 94, 41
3, 4, 2, 32, 38
3, 11, 39, 38, 390
3, 4, 38, 48, 36
3, 4, 309, 48, 1378
3, 4, 976, 48, 41
3, 9, 255, 48, 41
3, 7, 2464, 39, 41
3, 5, 38, 65, 41
3, 4, 2164, 39, 48
3, 13, 32, 39, 170
3, 6, 390, 48, 41
3, 4, 39, 1309, 41
3, 4, 32, 41, 1233
4, 4, 39, 1327, 48, 36
3, 6, 604, 39, 2793
3, 4, 1198, 39, 89
3, 5, 640, 48, 41
3, 64, 32, 39, 41
4, 4, 39, 38, 79, 41
3, 4, 915, 39, 48
4, 6, 32, 225, 39, 48
3, 5, 1198, 39, 41
3, 4, 1269, 48, 1080
4, 4, 797, 38, 48, 41
3, 5, 309, 1379, 1380
3, 4, 39, 1004, 1327
3, 5, 39, 272, 41
3, 4, 39, 592, 89
4, 7, 32, 39, 101, 41
3, 4, 2990, 3977, 3735
5, 4, 308, 309, 1379, 1378, 1380
3, 4, 39, 48, 52
3, 4, 39, 48, 1349
4, 5, 39, 38, 48, 47
4, 5, 371, 32, 39, 48
4, 5, 308, 1269, 1379, 1378
3, 7, 170, 32, 41
3, 15, 32, 38, 170
3, 11, 38, 390, 41
3, 21, 310, 48, 41
4, 7, 39, 48, 32, 41
3, 4, 32, 39, 301
3, 5, 38, 179, 48
3, 4, 60, 1121, 39
4, 5, 308, 1080, 1379, 1378
5, 4, 39, 2990, 3693, 2994, 3735
3, 9, 39, 89, 65
3, 10, 101, 48, 41
3, 6, 1198, 39, 38
3, 4, 370, 39, 38
3, 4, 352, 48, 32
4, 4, 255, 39, 38, 48
3, 31, 38, 110, 48
4, 4, 39, 48, 36, 41
3, 4, 384, 48, 41
4, 4, 39, 38, 237, 41
3, 6, 264, 48, 41
3, 4, 32, 79, 41
3, 7, 39, 589, 41
3, 4, 32, 161, 41
3, 4, 1080, 1378, 1380
3, 5, 55, 39, 48
3, 4, 1327, 48, 36
6, 4, 308, 309, 1080, 1379, 1378, 1380
3, 5, 308, 1080, 1380
4, 4, 39, 38, 225, 41
4, 5, 32, 39, 38, 110
5, 6, 38, 48, 32, 41, 110
3, 5, 55, 39, 38
3, 4, 271, 38, 41
3, 4, 301, 39, 32
4, 5, 32, 39, 310, 48
6, 4, 308, 309, 1269, 1379, 1378, 1380
3, 5, 39, 1938, 41
3, 5, 39, 1004, 41
3, 4, 38, 681, 48
3, 5, 2425, 48, 1765
3, 6, 147, 48, 41
3, 5, 789, 48, 41
3, 7, 39, 390, 48
3, 4, 60, 39, 3411
3, 15, 371, 39, 38
3, 4, 796, 39, 48
3, 4, 39, 2492, 48
3, 6, 39, 3693, 41
5, 5, 309, 1269, 1080, 1379, 1378
3, 4, 39, 715, 41
3, 4, 740, 38, 48
3, 4, 32, 2437, 41
6, 4, 308, 1269, 1080, 1379, 1378, 1380
3, 4, 3966, 48, 41
3, 4, 39, 3988, 48
3, 4, 48, 32, 36
4, 6, 2238, 39, 48, 41
3, 4, 39, 41, 703
3, 62, 32, 39, 48
3, 4, 32, 522, 48
3, 4, 39, 38, 1233
3, 5, 32, 39, 255
3, 6, 308, 309, 1080
3, 4, 604, 189, 48
3, 4, 89, 237, 48
3, 4, 39, 662, 48
3, 4, 1372, 1368, 41
3, 4, 357, 39, 38
3, 5, 39, 475, 48
3, 4, 39, 48, 2994
3, 4, 39, 38, 809
3, 5, 39, 475, 41
4, 4, 308, 1080, 1378, 1380
3, 5, 604, 48, 2793
3, 8, 271, 32, 41
4, 5, 308, 309, 1080, 1380
3, 4, 2199, 39, 41
3, 8, 740, 48, 41
4, 5, 309, 1269, 1080, 1379
3, 5, 39, 2437, 48
3, 4, 39, 48, 185
3, 6, 1121, 48, 41
3, 10, 38, 48, 105
3, 4, 11, 39, 475
3, 5, 38, 105, 48
3, 7, 39, 249, 41
3, 4, 39, 564, 41
3, 8, 271, 48, 41
3, 6, 39, 38, 592
3, 4, 604, 89, 2793
3, 4, 48, 3693, 3735
3, 5, 38, 79, 41
3, 6, 39, 3462, 41
5, 4, 308, 309, 1080, 1378, 1380
4, 7, 32, 101, 48, 41
3, 5, 374, 48, 41
3, 4, 48, 1715, 783
4, 4, 308, 1269, 1379, 1380
3, 4, 1378, 39, 48
3, 4, 56, 39, 41
3, 5, 549, 48, 41
4, 5, 39, 32, 48, 41
3, 5, 32, 36, 48
3, 16, 39, 38, 1327
4, 4, 39, 41, 48, 286
3, 4, 39, 1229, 41
3, 5, 39, 548, 48
3, 4, 32, 677, 41
4, 4, 308, 309, 1269, 1380
3, 4, 101, 533, 48
3, 11, 39, 2633, 41
3, 5, 39, 1239, 41
3, 7, 32, 39, 1715
3, 4, 1269, 1378, 1380
3, 4, 48, 1144, 41
3, 10, 39, 570, 48
3, 7, 189, 48, 41
3, 4, 39, 38, 2708
3, 27, 39, 110, 48
3, 4, 664, 39, 38
3, 4, 3462, 48, 41
3, 5, 39, 1372, 48
3, 4, 39, 1715, 783
3, 10, 60, 39, 48
3, 4, 38, 39, 48
3, 5, 38, 48, 156
3, 4, 739, 39, 41
3, 4, 39, 41, 1121
3, 5, 39, 1796, 94
3, 7, 147, 38, 48
3, 4, 3291, 48, 41
3, 5, 76, 48, 41
5, 6, 39, 38, 48, 32, 110
3, 4, 39, 1393, 41
3, 10, 1859, 48, 41
3, 4, 39, 38, 255
6, 4, 308, 309, 1269, 1080, 1379, 1378
4, 6, 32, 39, 533, 41
3, 6, 785, 39, 38
3, 5, 39, 89, 1327
3, 4, 278, 48, 41
3, 18, 39, 1327, 41
3, 5, 189, 38, 48
4, 7, 38, 48, 32, 41
4, 4, 39, 38, 548, 48
3, 6, 39, 189, 41
3, 5, 286, 38, 41
3, 4, 345, 39, 41
3, 8, 357, 39, 48
3, 11, 749, 39, 41
3, 6, 39, 48, 956
3, 7, 604, 39, 48
3, 6, 32, 310, 48
3, 5, 39, 3270, 41
3, 7, 39, 338, 41
3, 4, 39, 48, 179
3, 5, 2238, 39, 225
3, 4, 39, 1327, 110
4, 5, 1269, 1080, 1379, 1378
4, 5, 39, 105, 48, 41
3, 4, 39, 1151, 1150
3, 4, 39, 38, 374
3, 6, 117, 48, 41
5, 4, 309, 1269, 1080, 1379, 1380
3, 4, 39, 48, 2822
3, 4, 39, 1513, 48
3, 4, 39, 101, 41
3, 5, 475, 48, 41
3, 4, 270, 2238, 41
3, 4, 32, 246, 48
3, 4, 308, 1269, 1380
3, 6, 39, 264, 41
3, 4, 662, 48, 41
3, 4, 38, 161, 41
3, 16, 352, 48, 41
3, 4, 89, 1659, 48
3, 4, 32, 1344, 41
3, 6, 60, 39, 38
3, 4, 2749, 39, 48
3, 5, 271, 225, 41
3, 8, 39, 522, 41
3, 5, 39, 48, 301
3, 6, 855, 38, 48
4, 4, 797, 39, 38, 48
3, 4, 38, 1146, 41
3, 4, 41, 48, 156
3, 4, 3250, 39, 41
3, 4, 1464, 39, 38
3, 42, 39, 38, 41
4, 4, 39, 2633, 48, 41
4, 7, 39, 38, 1327, 41
3, 8, 32, 533, 48
3, 4, 38, 249, 41
3, 5, 976, 39, 38
3, 6, 32, 41, 783
3, 4, 2749, 39, 38
3, 4, 2286, 48, 41
3, 4, 60, 39, 1715
4, 4, 38, 41, 101, 170
3, 7, 39, 79, 48
3, 4, 310, 48, 255
3, 4, 39, 48, 1714
4, 6, 39, 390, 48, 41
4, 4, 1080, 1379, 1378, 1380
3, 7, 281, 39, 48
5, 4, 39, 38, 48, 36, 41
3, 4, 604, 32, 41
5, 4, 1269, 1080, 1379, 1378, 1380
3, 4, 915, 39, 38
3, 6, 2464, 48, 41
3, 4, 39, 1380, 48
3, 4, 32, 690, 48
3, 5, 246, 48, 41
4, 5, 38, 105, 48, 41
3, 4, 3693, 3977, 3735
3, 61, 32, 48, 41
3, 4, 32, 48, 1121
3, 6, 39, 32, 110
3, 4, 281, 48, 41
4, 17, 39, 38, 36, 48
3, 4, 201, 48, 41
4, 5, 308, 309, 1080, 1379
3, 4, 48, 41, 101
3, 6, 32, 48, 783
3, 41, 32, 38, 48
3, 4, 785, 39, 41
3, 4, 32, 39, 522
5, 4, 309, 1269, 1379, 1378, 1380
3, 5, 308, 48, 1378
4, 4, 2238, 39, 48, 32
3, 4, 39, 89, 170
3, 4, 39, 48, 1214
3, 5, 548, 39, 41
3, 4, 371, 38, 41
3, 6, 32, 39, 1344
4, 4, 308, 1269, 1080, 1380
3, 12, 65, 48, 41
3, 4, 39, 185, 48
4, 4, 308, 309, 1378, 1380
3, 6, 2437, 48, 41
4, 4, 38, 310, 48, 41
4, 5, 39, 310, 48, 41
3, 5, 2749, 32, 39
3, 4, 591, 39, 41
4, 5, 308, 1269, 1080, 1379
4, 5, 147, 39, 38, 48
3, 4, 1198, 39, 255
3, 4, 464, 65, 48
3, 6, 39, 38, 49
3, 4, 39, 2286, 48
3, 5, 1198, 38, 41
3, 5, 39, 1327, 36
4, 4, 308, 309, 48, 32
3, 5, 334, 39, 48
3, 4, 805, 48, 41
3, 7, 39, 789, 48
3, 6, 39, 1372, 94
3, 32, 170, 39, 41
3, 4, 39, 38, 269
3, 5, 39, 413, 48
3, 4, 32, 39, 570
3, 4, 39, 155, 41
4, 19, 39, 38, 110, 48
3, 5, 39, 1435, 48
3, 4, 38, 1327, 110
3, 4, 310, 101, 41
4, 4, 39, 38, 32, 36
4, 5, 308, 309, 1269, 1379
3, 5, 1859, 352, 48
3, 8, 39, 809, 41
3, 4, 9, 32, 48
3, 8, 147, 48, 32
3, 7, 39, 694, 41
3, 4, 604, 39, 310
3, 4, 604, 39, 1698
5, 4, 308, 1269, 1379, 1378, 1380
4, 4, 39, 89, 48, 38
3, 4, 39, 757, 48
3, 4, 32, 374, 48
6, 4, 308, 309, 1269, 1080, 1379, 1380
4, 20, 170, 39, 38, 41
3, 4, 309, 1380, 1080
3, 5, 39, 105, 48
3, 6, 258, 48, 41
3, 8, 271, 39, 48
4, 5, 308, 309, 1269, 1378
3, 5, 39, 1578, 41
3, 4, 32, 39, 1233
3, 4, 39, 1698, 48
4, 4, 39, 2958, 48, 41
3, 7, 39, 550, 48
3, 6, 38, 225, 48
3, 4, 208, 39, 41
3, 5, 39, 89, 36
3, 4, 39, 48, 3638
5, 6, 39, 38, 32, 41, 110
4, 4, 39, 89, 65, 48
3, 4, 1249, 39, 117
3, 5, 39, 38, 156
3, 4, 1103, 48, 41
3, 4, 32, 65, 48
5, 5, 308, 309, 1269, 1379, 1378
3, 32, 39, 38, 36
3, 4, 208, 39, 38
3, 5, 39, 384, 41
3, 4, 32, 488, 41
3, 8, 39, 38, 101
3, 9, 32, 39, 1327
3, 5, 1146, 48, 41
3, 4, 39, 1590, 41
3, 4, 60, 39, 2793
3, 4, 308, 309, 32
3, 4, 921, 48, 41
3, 5, 308, 1269, 1378
3, 4, 65, 338, 48
3, 5, 3966, 39, 48
5, 4, 39, 38, 48, 32, 36
5, 4, 308, 309, 1080, 1379, 1380
3, 4, 1379, 1269, 48
3, 5, 11, 48, 41
3, 6, 749, 32, 48
5, 4, 39, 38, 48, 41, 101
4, 4, 2238, 39, 32, 41
4, 5, 39, 38, 105, 48
4, 5, 604, 39, 38, 41
3, 4, 39, 38, 237
3, 4, 80, 48, 41
3, 5, 39, 89, 237
3, 4, 921, 39, 41
5, 4, 38, 48, 41, 101, 170
3, 5, 9, 39, 41
3, 13, 225, 48, 41
3, 33, 38, 36, 48
3, 5, 3966, 39, 38
3, 4, 32, 39, 956
3, 4, 2847, 39, 48
3, 4, 604, 65, 48
3, 4, 47, 38, 41
3, 4, 271, 39, 38
3, 4, 846, 48, 41
3, 5, 105, 48, 41
3, 6, 39, 269, 41
3, 9, 39, 38, 65
3, 4, 308, 1379, 1380
3, 9, 39, 38, 790
4, 4, 32, 39, 352, 41
3, 13, 39, 37, 48
3, 5, 32, 589, 41
3, 5, 39, 246, 41
3, 4, 32, 38, 310
3, 4, 260, 48, 41
3, 5, 32, 39, 3988
3, 4, 604, 522, 48
3, 4, 39, 548, 107
4, 6, 32, 38, 225, 41
3, 9, 270, 39, 41
3, 5, 32, 110, 48
4, 6, 39, 65, 48, 41
3, 6, 39, 346, 48
4, 4, 38, 41, 48, 286
3, 5, 32, 39, 592
3, 5, 39, 2011, 48
3, 6, 589, 48, 41
3, 8, 855, 39, 48
3, 5, 2238, 32, 41
3, 5, 39, 2958, 41
3, 5, 39, 2994, 48
3, 5, 39, 38, 533
3, 15, 38, 89, 48
3, 4, 308, 48, 1080
3, 4, 38, 32, 36
3, 4, 2238, 39, 41
5, 5, 308, 309, 1269, 1080, 1378
3, 4, 32, 237, 41
3, 14, 39, 225, 48
3, 4, 39, 310, 170
3, 4, 39, 89, 1659
3, 4, 170, 38, 1327
3, 4, 39, 101, 170
6, 4, 308, 309, 1269, 1080, 1378, 1380
3, 13, 41, 48, 783
3, 8, 39, 117, 41
3, 4, 3179, 39, 48
3, 5, 39, 48, 3270
3, 6, 39, 690, 41
3, 4, 793, 48, 41
5, 4, 309, 1269, 1080, 1378, 1380
4, 4, 38, 79, 48, 41
3, 6, 38, 48, 49
3, 13, 749, 48, 41
3, 4, 740, 334, 48
3, 4, 1435, 48, 41
3, 10, 32, 101, 41
3, 4, 38, 438, 48
3, 4, 297, 48, 41
3, 8, 604, 38, 41
3, 6, 39, 48, 3774
3, 4, 39, 48, 36
5, 7, 39, 38, 48, 32, 41
3, 7, 39, 441, 41
3, 5, 32, 39, 110
4, 4, 38, 1327, 48, 36
3, 6, 39, 349, 48
3, 4, 723, 48, 41
4, 4, 39, 38, 101, 170
4, 4, 39, 352, 48, 41
3, 5, 32, 475, 41
3, 4, 39, 48, 4744
3, 5, 2775, 48, 41
3, 9, 1121, 39, 48
4, 6, 39, 89, 48, 41
3, 16, 39, 352, 48
4, 4, 309, 1269, 1378, 1380
3, 4, 39, 4096, 48
3, 6, 89, 65, 41
3, 5, 1249, 39, 48
3, 6, 281, 39, 38
3, 4, 32, 39, 340
4, 4, 38, 48, 101, 170
3, 5, 308, 309, 48
4, 5, 32, 225, 48, 41
3, 6, 32, 1715, 48
3, 5, 39, 611, 48
3, 4, 740, 334, 39
3, 4, 1372, 48, 41
4, 6, 39, 41, 48, 790
3, 4, 1372, 94, 48
3, 6, 38, 475, 48
3, 4, 797, 38, 48
3, 4, 39, 3678, 48
3, 4, 604, 41, 1121
4, 5, 147, 38, 48, 41
3, 4, 38, 48, 1233
3, 4, 39, 38, 310
3, 5, 39, 374, 41
3, 101, 38, 48, 41
3, 4, 39, 783, 94
3, 4, 39, 38, 1590
3, 9, 39, 41, 790
4, 5, 147, 39, 48, 41
3, 4, 591, 32, 48
3, 7, 39, 179, 48
3, 4, 11, 39, 65
4, 7, 39, 1327, 48, 41
3, 5, 32, 2425, 48
3, 7, 39, 48, 1233
3, 5, 301, 39, 41
3, 16, 39, 65, 41
3, 5, 32, 39, 664
3, 4, 39, 41, 255
4, 4, 749, 39, 48, 41
3, 4, 797, 39, 48
3, 5, 39, 310, 101
3, 5, 279, 39, 41
3, 4, 48, 3638, 41
3, 8, 32, 39, 237
3, 4, 379, 48, 41
3, 4, 1121, 39, 783
3, 4, 3904, 39, 38
3, 9, 39, 1715, 48
3, 4, 38, 1239, 41
3, 5, 2464, 39, 48
3, 4, 39, 310, 36
3, 6, 107, 48, 41
3, 5, 255, 38, 48
3, 4, 32, 3228, 48
4, 4, 1859, 39, 352, 41
3, 7, 32, 39, 783
3, 5, 32, 39, 348
3, 6, 677, 48, 41
4, 4, 32, 690, 48, 41
5, 5, 308, 1269, 1080, 1379, 1378
3, 4, 564, 48, 41
3, 13, 533, 48, 41
3, 5, 39, 48, 2633
3, 4, 38, 1590, 41
3, 6, 39, 237, 48
3, 9, 39, 438, 48
3, 5, 39, 981, 1796
4, 4, 39, 48, 2990, 3735
3, 6, 2990, 3693, 3735
3, 4, 89, 48, 101
3, 6, 32, 348, 41
3, 4, 32, 179, 48
3, 5, 309, 1269, 1378
3, 4, 32, 39, 677
4, 4, 170, 39, 38, 1327
3, 5, 2990, 3735, 41
3, 8, 225, 39, 48
3, 5, 39, 723, 48
3, 7, 32, 39, 533
3, 7, 1135, 48, 41
3, 4, 1600, 39, 48
3, 13, 1327, 48, 41
3, 4, 604, 89, 48
3, 5, 39, 38, 1239
3, 4, 38, 2958, 41
3, 5, 39, 48, 1282
3, 36, 38, 110, 41
3, 5, 39, 549, 41
4, 4, 255, 39, 38, 41
3, 5, 739, 48, 41
3, 5, 371, 32, 48
3, 4, 1004, 48, 41
3, 6, 39, 48, 156
3, 4, 2749, 39, 3988
4, 4, 39, 38, 225, 48
4, 4, 39, 38, 1327, 36
3, 9, 38, 310, 48
3, 6, 39, 38, 47
3, 4, 39, 1704, 41
3, 4, 48, 41, 2793
3, 4, 1121, 32, 41
3, 5, 39, 48, 47
3, 4, 39, 38, 2633
3, 4, 39, 48, 1625
3, 4, 38, 48, 52
3, 7, 32, 438, 48
4, 7, 38, 41, 48, 790
3, 7, 48, 32, 41
3, 13, 39, 41, 783
3, 4, 39, 1368, 41
3, 4, 38, 101, 170
4, 7, 39, 94, 48, 41
3, 5, 39, 1144, 41
3, 5, 824, 39, 38
4, 5, 270, 32, 39, 41
3, 4, 309, 39, 1380
3, 4, 795, 1818, 1819
3, 4, 379, 39, 48
3, 4, 308, 1378, 1380
3, 6, 39, 338, 48
3, 5, 39, 117, 550
3, 5, 785, 38, 48
3, 10, 39, 48, 105
3, 10, 32, 39, 36
3, 4, 3270, 48, 41
3, 4, 1379, 1378, 1380
4, 4, 170, 38, 1327, 41
4, 4, 749, 32, 48, 41
3, 4, 65, 48, 255
3, 4, 32, 39, 749
3, 4, 1831, 89, 38
3, 8, 38, 65, 48
3, 5, 371, 32, 38
4, 4, 147, 39, 48, 32
4, 4, 32, 310, 48, 41
3, 4, 2464, 39, 3323
3, 4, 2464, 3323, 48
4, 5, 308, 309, 1269, 1080
3, 8, 38, 105, 41
3, 5, 338, 48, 41
3, 5, 39, 706, 41
3, 4, 591, 48, 41
3, 4, 365, 48, 41
3, 4, 715, 48, 41
3, 4, 1269, 1379, 1380
3, 5, 32, 48, 1765
3, 4, 39, 229, 48
3, 5, 1269, 1379, 1378
3, 4, 3904, 39, 41
3, 5, 32, 592, 48
3, 4, 39, 981, 94
3, 5, 272, 48, 41
3, 5, 32, 48, 47
3, 4, 1349, 39, 48
3, 6, 269, 48, 41
3, 6, 32, 39, 65
3, 6, 39, 1765, 48
4, 6, 39, 48, 32, 110
3, 5, 309, 1269, 1080
3, 5, 39, 3644, 48
4, 17, 38, 36, 48, 41
3, 4, 4096, 48, 41
3, 4, 39, 535, 41
3, 4, 611, 48, 41
3, 4, 39, 1479, 48
3, 9, 39, 2633, 48
5, 4, 308, 1080, 1379, 1378, 1380
3, 4, 39, 267, 48
4, 4, 309, 1379, 1378, 1380
3, 5, 38, 592, 48
3, 8, 32, 352, 41
3, 4, 39, 1372, 41
4, 7, 39, 38, 48, 32
3, 5, 38, 39, 41
4, 4, 39, 1344, 48, 41
4, 6, 39, 38, 37, 48
4, 4, 1269, 1379, 1378, 1380
3, 6, 147, 38, 41
3, 4, 39, 89, 384
3, 15, 39, 352, 41
4, 5, 309, 1269, 1080, 1378
4, 4, 32, 39, 310, 41
3, 4, 38, 310, 170
3, 23, 110, 48, 41
3, 4, 39, 1543, 41
4, 6, 32, 39, 533, 48
4, 4, 309, 1269, 1379, 1380
3, 35, 170, 38, 41
3, 32, 39, 36, 48
3, 4, 41, 48, 703
3, 4, 48, 2990, 3693
4, 4, 1859, 352, 48, 41
4, 19, 38, 110, 48, 41
3, 4, 39, 41, 23
3, 6, 11, 39, 41
3, 5, 3966, 38, 41
3, 5, 2990, 39, 2994
5, 4, 308, 309, 1269, 1378, 1380
3, 5, 1859, 39, 352
3, 4, 39, 550, 117
3, 5, 1198, 48, 41
3, 4, 32, 39, 2413
4, 4, 1269, 1080, 1379, 1380
3, 5, 147, 41, 32
3, 4, 751, 38, 39
4, 4, 308, 1080, 1379, 1380
3, 42, 32, 39, 38
3, 4, 89, 1327, 41
3, 6, 38, 32, 110
3, 5, 89, 48, 1715
3, 4, 39, 1704, 48
3, 6, 32, 41, 110
4, 6, 38, 48, 32, 110
3, 4, 39, 41, 3411
3, 4, 208, 38, 41
3, 4, 2199, 48, 41
3, 4, 309, 48, 1080
3, 5, 846, 39, 41
5, 4, 39, 38, 41, 101, 170
3, 4, 357, 38, 48
4, 5, 309, 1080, 1379, 1378
4, 4, 39, 38, 475, 48
4, 5, 32, 38, 48, 170
3, 4, 155, 48, 41
3, 4, 604, 38, 89
3, 5, 39, 38, 2958
3, 5, 1831, 39, 48
3, 4, 1344, 48, 41
3, 9, 39, 41, 475
3, 9, 270, 48, 41
4, 4, 32, 39, 548, 48
3, 6, 41, 48, 286
3, 4, 797, 39, 38
3, 7, 208, 48, 41
3, 4, 39, 38, 1481
3, 7, 270, 32, 41
3, 4, 3735, 48, 41
4, 4, 89, 65, 48, 41
3, 4, 255, 39, 41
4, 4, 270, 39, 48, 41
4, 4, 308, 309, 1379, 1380
3, 13, 32, 101, 48
3, 5, 55, 38, 48
3, 6, 189, 39, 38
3, 5, 39, 38, 535
4, 5, 39, 38, 1327, 48
3, 4, 32, 1715, 41
4, 4, 2749, 32, 39, 48
3, 5, 604, 310, 48
3, 4, 32, 39, 840
3, 4, 39, 161, 41
3, 5, 301, 48, 41
3, 4, 38, 36, 110
3, 5, 308, 309, 1379
3, 4, 32, 48, 749
3, 6, 536, 39, 48
3, 25, 39, 310, 41
5, 4, 39, 48, 41, 101, 170
3, 4, 39, 1277, 41
3, 4, 39, 123, 1327
3, 4, 60, 536, 48
3, 11, 32, 225, 41
4, 4, 39, 2990, 3693, 2994
3, 10, 39, 548, 41
3, 4, 2805, 39, 38
3, 11, 604, 39, 32
3, 5, 2990, 39, 48
3, 7, 249, 48, 41
3, 8, 39, 48, 790
3, 9, 522, 48, 41
3, 10, 740, 39, 48
3, 7, 39, 2775, 48
3, 6, 32, 38, 47
3, 4, 1121, 39, 32
4, 4, 39, 79, 48, 41
3, 4, 785, 39, 48
3, 4, 3693, 48, 41
3, 4, 39, 2822, 41
3, 7, 38, 48, 32
4, 6, 32, 533, 48, 41
4, 4, 2990, 3693, 3977, 3735
3, 9, 38, 37, 48
3, 5, 147, 39, 41
3, 5, 32, 89, 48
3, 4, 39, 514, 41
3, 4, 39, 1113, 41
3, 7, 271, 32, 39
3, 4, 3693, 2994, 3735
3, 5, 39, 793, 48
4, 4, 797, 39, 48, 41
3, 4, 32, 39, 374
3, 4, 39, 1393, 48
3, 7, 39, 348, 41
3, 5, 570, 48, 41
3, 4, 464, 65, 41
3, 7, 32, 39, 89
4, 5, 225, 39, 48, 41
3, 4, 4374, 48, 41
4, 19, 39, 38, 110, 41
3, 4, 39, 38, 3735
3, 5, 1082, 48, 41
3, 13, 749, 39, 48
3, 4, 39, 41, 49
3, 5, 309, 1080, 1378
4, 20, 170, 38, 48, 41
4, 4, 39, 38, 533, 48
3, 6, 464, 39, 41
4, 4, 32, 39, 189, 48
3, 4, 1552, 48, 41
3, 7, 32, 310, 41
3, 36, 39, 48, 170
3, 4, 56, 38, 41
3, 8, 32, 39, 225
3, 4, 1513, 48, 41
3, 4, 270, 2238, 39
3, 6, 604, 39, 1121
3, 5, 39, 3323, 48
3, 4, 309, 1378, 1380
3, 4, 269, 39, 48
5, 4, 308, 309, 1269, 1080, 1380
3, 4, 39, 41, 2793
4, 6, 39, 38, 41, 48
3, 4, 39, 260, 41
3, 5, 39, 757, 41
3, 4, 1796, 48, 41
3, 4, 39, 101, 48
3, 7, 38, 237, 48
3, 12, 39, 48, 286
3, 4, 48, 36, 41
3, 8, 976, 39, 117
3, 4, 536, 48, 41
4, 4, 32, 39, 36, 41
3, 4, 604, 41, 2793
3, 10, 38, 48, 790
3, 8, 32, 38, 110
3, 5, 38, 589, 41
3, 6, 441, 48, 41
3, 4, 2815, 39, 123
3, 5, 76, 39, 48
3, 5, 39, 48, 2990
3, 4, 1113, 48, 41
3, 4, 976, 39, 48
3, 4, 3005, 38, 48
3, 5, 1269, 1080, 1379
3, 10, 38, 1327, 41
4, 4, 39, 38, 2958, 48
3, 4, 38, 548, 41
3, 4, 1269, 1080, 1380
3, 4, 32, 48, 255
3, 5, 38, 249, 48
3, 4, 2749, 32, 48
3, 5, 39, 3323, 1715
4, 4, 308, 1379, 1378, 1380
4, 4, 38, 48, 32, 36
3, 4, 281, 39, 41
4, 5, 32, 39, 38, 170
3, 5, 32, 39, 789
3, 4, 39, 2951, 48
3, 4, 39, 1746, 48
3, 4, 38, 1344, 48
3, 5, 65, 338, 41
3, 4, 229, 48, 41
3, 5, 1080, 1379, 1378
4, 6, 38, 32, 41, 110
3, 4, 147, 237, 48
4, 4, 38, 225, 48, 41
3, 4, 39, 175, 41
3, 4, 32, 1004, 48
3, 5, 39, 1315, 41
3, 4, 32, 4096, 48
3, 4, 2238, 39, 32
3, 4, 38, 1425, 48
3, 4, 60, 48, 783
3, 4, 39, 611, 2011
3, 4, 514, 48, 41
3, 4, 38, 48, 840
3, 14, 371, 38, 48
3, 5, 117, 550, 48
4, 4, 39, 3693, 2994, 3735
3, 4, 32, 783, 41
3, 7, 32, 48, 170
3, 4, 39, 340, 48
3, 4, 48, 2633, 41
3, 4, 308, 1269, 48
3, 5, 39, 246, 48
3, 4, 370, 39, 41
3, 7, 39, 783, 48
4, 4, 38, 48, 41, 101
3, 9, 38, 41, 790
3, 5, 2990, 39, 3693
4, 5, 147, 39, 38, 41
3, 7, 39, 592, 41
3, 5, 1198, 38, 48
3, 4, 2550, 48, 41
3, 5, 1315, 48, 41
3, 4, 39, 365, 41
3, 7, 39, 89, 48
3, 5, 38, 89, 36
3, 6, 38, 48, 101
3, 4, 3228, 48, 41
3, 7, 39, 2958, 48
3, 5, 39, 3693, 3977
3, 5, 147, 39, 32
3, 4, 38, 2708, 48
4, 4, 32, 38, 110, 41
3, 105, 39, 48, 41
3, 4, 39, 38, 1529
4, 4, 32, 39, 38, 41
3, 4, 39, 1067, 48
3, 5, 1859, 352, 41
3, 4, 570, 39, 38
3, 4, 38, 374, 48
3, 5, 201, 39, 48
3, 5, 308, 1080, 1378
4, 4, 39, 38, 79, 48
3, 5, 32, 789, 48
3, 10, 32, 38, 36
4, 5, 32, 39, 48, 170
4, 6, 32, 225, 39, 41
3, 4, 39, 2425, 48
3, 8, 1198, 39, 48
4, 4, 32, 352, 48, 41
3, 36, 39, 38, 170
3, 4, 38, 41, 101
3, 4, 39, 48, 23
4, 6, 48, 32, 41, 110
3, 4, 39, 1013, 48
3, 4, 681, 48, 41
3, 4, 39, 1103, 48
3, 4, 308, 48, 32
3, 7, 39, 677, 41
3, 12, 32, 39, 101
3, 4, 39, 3693, 2994
3, 10, 38, 41, 286
3, 4, 39, 1135, 41
3, 4, 640, 39, 41
4, 6, 39, 38, 32, 110
3, 8, 809, 48, 41
3, 4, 39, 801, 41
3, 8, 39, 38, 475
4, 6, 39, 32, 41, 110
3, 5, 381, 39, 41
3, 4, 39, 65, 255
4, 5, 371, 32, 39, 38
3, 4, 193, 48, 41
3, 4, 1715, 48, 41
3, 5, 1578, 48, 41
3, 5, 39, 2708, 48
3, 4, 39, 1146, 41
4, 5, 32, 38, 48, 47
3, 4, 1464, 39, 1463
3, 4, 38, 269, 48
3, 5, 55, 39, 41
3, 5, 39, 48, 749
3, 5, 349, 48, 41
3, 4, 60, 32, 48
3, 4, 39, 2990, 3693
3, 4, 101, 352, 48
3, 4, 1121, 38, 48
4, 5, 39, 338, 48, 41
3, 4, 39, 1710, 48
3, 6, 39, 48, 49
3, 4, 170, 1327, 41
5, 5, 308, 309, 1269, 1080, 1379
3, 4, 39, 681, 41
3, 5, 39, 4096, 41
3, 11, 39, 390, 41
3, 4, 32, 39, 179
3, 6, 749, 32, 41
4, 6, 170, 32, 38, 41
3, 4, 1831, 48, 41
3, 6, 39, 38, 249
3, 4, 1239, 48, 41
3, 4, 60, 2847, 48
3, 4, 921, 39, 48
3, 4, 39, 2521, 48
3, 6, 41, 48, 956
3, 4, 2749, 48, 41
4, 5, 32, 39, 48, 47
3, 4, 1013, 48, 41
3, 4, 1249, 117, 48
4, 4, 39, 89, 1327, 41
3, 4, 604, 41, 48
3, 4, 2749, 32, 3988
3, 4, 39, 3693, 48
3, 6, 39, 374, 48
3, 4, 89, 384, 41
3, 4, 39, 715, 48
3, 4, 32, 2437, 48
3, 4, 60, 39, 123
3, 4, 36, 48, 255
3, 4, 1831, 38, 41
3, 4, 604, 39, 65
3, 4, 39, 48, 107
3, 5, 3323, 48, 1715
3, 8, 740, 39, 38
3, 12, 39, 38, 286
3, 7, 39, 38, 548
3, 5, 32, 110, 41
3, 5, 38, 48, 956
3, 4, 38, 48, 1188
3, 4, 32, 570, 48
3, 9, 41, 48, 475
3, 4, 797, 39, 41
3, 6, 3735, 3693, 48
3, 4, 2238, 32, 48
3, 4, 39, 1435, 41
3, 4, 41, 48, 49
3, 9, 1859, 39, 41
3, 4, 41, 48, 23
3, 5, 39, 48, 4111
6, 4, 309, 1269, 1080, 1379, 1378, 1380
3, 8, 39, 38, 438
3, 4, 38, 1239, 48
3, 6, 438, 48, 41
3, 5, 39, 2437, 41
3, 4, 2344, 39, 38
3, 17, 39, 225, 41
3, 7, 39, 249, 48
3, 4, 39, 564, 48
3, 4, 39, 479, 48
3, 4, 39, 186, 48
4, 4, 48, 41, 101, 170
3, 4, 2805, 38, 41
3, 4, 3005, 39, 38
3, 4, 4156, 48, 41
3, 5, 38, 79, 48
3, 6, 32, 39, 548
4, 4, 604, 39, 48, 32
4, 7, 32, 39, 101, 48
3, 4, 39, 38, 79
3, 6, 56, 39, 48
4, 5, 371, 32, 38, 48
3, 6, 32, 36, 41
3, 11, 237, 48, 41
4, 19, 39, 110, 48, 41
4, 5, 255, 38, 48, 41
3, 8, 39, 41, 286
3, 4, 39, 961, 48
3, 4, 915, 38, 48
3, 6, 32, 39, 47
3, 7, 32, 39, 438
3, 7, 464, 48, 41
3, 8, 41, 48, 790
3, 4, 1600, 39, 41
3, 6, 39, 570, 41
3, 5, 39, 1239, 48
3, 5, 39, 2775, 41
3, 5, 89, 48, 38
3, 36, 39, 110, 41
3, 6, 39, 38, 589
3, 4, 2990, 3977, 41
3, 4, 76, 39, 38
4, 6, 32, 39, 225, 41
4, 4, 39, 38, 237, 48
3, 4, 3664, 39, 3663
3, 4, 39, 310, 255
3, 4, 739, 39, 48
3, 5, 308, 309, 1269
3, 4, 297, 39, 48
3, 4, 39, 193, 41
4, 4, 785, 39, 38, 48
3, 6, 855, 48, 41
4, 4, 39, 48, 32, 36
3, 24, 170, 48, 41
3, 7, 32, 39, 310
3, 4, 1198, 89, 48
5, 5, 308, 309, 1080, 1379, 1378
4, 7, 39, 38, 48, 790
3, 4, 39, 2673, 41
4, 4, 39, 981, 1796, 94
3, 4, 32, 39, 186
3, 6, 2238, 48, 41
3, 4, 38, 48, 475
3, 4, 1853, 2994, 48
3, 4, 39, 48, 1188
3, 6, 38, 310, 41
3, 7, 89, 65, 48
3, 4, 39, 4156, 41
3, 4, 39, 910, 48
3, 4, 286, 38, 48
4, 5, 3966, 39, 38, 41
3, 6, 32, 39, 475
3, 4, 346, 48, 41
3, 4, 279, 48, 41
3, 6, 38, 475, 41
3, 8, 79, 48, 41
3, 4, 38, 441, 41
3, 7, 32, 225, 39
3, 6, 740, 38, 41
3, 4, 797, 48, 41
3, 8, 39, 1344, 41
3, 5, 309, 1269, 1379
3, 4, 591, 32, 39
3, 4, 39, 41, 101
3, 6, 39, 258, 41
4, 4, 309, 1080, 1378, 1380
3, 5, 379, 39, 41
3, 4, 39, 662, 41
3, 4, 32, 3988, 48
3, 4, 39, 38, 52
3, 4, 301, 39, 48
3, 4, 785, 38, 41
3, 4, 32, 39, 4096
4, 5, 38, 475, 48, 41
4, 5, 39, 37, 48, 41
3, 6, 32, 1344, 48
3, 4, 2990, 3735, 39
3, 4, 2749, 39, 41
3, 4, 39, 155, 589
3, 4, 611, 2011, 48
3, 8, 39, 522, 48
4, 4, 39, 48, 101, 170
4, 4, 797, 39, 38, 41
3, 4, 2199, 39, 48
3, 6, 39, 89, 38
3, 6, 147, 41, 48
3, 11, 39, 38, 105
5, 4, 604, 39, 48, 32, 41
4, 5, 309, 1269, 1379, 1378
3, 6, 783, 48, 41
4, 6, 39, 38, 41, 790
3, 6, 39, 48, 1765
3, 4, 39, 3462, 48
3, 5, 308, 309, 1380
3, 4, 2011, 48, 41
5, 4, 308, 1269, 1080, 1379, 1380
4, 21, 39, 38, 48, 41
4, 6, 32, 39, 38, 225
4, 4, 39, 38, 48, 101
4, 4, 39, 475, 48, 41
3, 5, 32, 690, 41
4, 5, 308, 309, 1379, 1378
3, 4, 2990, 32, 41
3, 4, 535, 48, 41
3, 4, 39, 101, 533
3, 8, 39, 438, 41
3, 5, 39, 48, 2793
